batch_size: 32
epochs: 10
lr: 0.00024077738742521953
momentum: 0.8575392220279279
optimizer: AdamW
weight_decay: 0.00023325387083568524
